// ==UserScript==
// @name         MohKari: Quick Location
// @namespace    http://tampermonkey.net/
// @version      1.0
// @description  Quickly select a town location at game start
// @author       MohKari
// @match        *://*.sandbox-games.com/*
// @grant        none
// @run-at       document-start
// @require      https://code.jquery.com/jquery-3.6.0.min.js
// ==/UserScript==

$(function() {

    ///////////////////////
    // HOW TO USE SCRIPT //
    ///////////////////////

    // 1. Visit https://townstar.guide/gasmap.html
    // 2. Hover over a cell that you want to "automatically" create your town on.
    // 3. The tooltip that appears are your values to put into the pos array below.

    ///////////
    // NOTES //
    ///////////

    // 1. Chance your account will be banned, as the script is faster than a human.
    // 2. Use at your own risk.
    // 3. Conflicts with "Auto Sell" that hits "play now button".
    // 4. Doesn't handle the "pop up" that appears if someone else has actually chosen the location.

    // desired name
    let name = "Billie";

    // locations to try and place town, in order
    let pos = [
        [71,35],	[154,157],	[167,158],	[159,56],
        [73,35],	[155,49],	[167,195],	[159,148],
        [73,37],	[155,59],	[167,196],	[159,162],
        [74,34],	[155,138],	[167,197],	[159,163],
        [74,35],	[155,147],	[168,146],	[159,165],
        [75,34],	[155,148],	[168,147],	[160,56],
        [76,37],	[155,151],	[168,198],	[160,144],
        [77,35],	[155,156],	[169,141],	[160,148],
        [78,35],	[155,157],	[169,142],	[161,144],
        [79,37],	[156,50],	[169,143],	[162,148],
        [80,35],	[156,54],	[169,146],	[162,149],
        [80,41],	[156,58],	[169,198],	[163,53],
        [82,35],	[156,138],	[169,199],	[163,153],
        [82,38],	[156,139],	[170,139],	[163,156],
        [82,44],	[156,147],	[170,140],	[163,157],
        [86,36],	[156,148],	[170,141],	[164,56],
        [86,46],	[156,155],	[170,143],	[164,146],
        [86,52],	[156,156],	[170,144],	[164,148],
        [87,45],	[157,49],	[170,145],	[164,153],
        [88,36],	[157,56],	[170,146],	[165,150],
        [88,37],	[157,139],	[170,152],	[166,146],
        [88,43],	[157,140],	[170,153],	[166,194],
        [88,45],	[157,148],	[170,154],	[166,195],
        [89,43],	[157,149],	[171,144],	[166,196],
        [91,37],	[157,153],	[171,146],	[168,140],
        [91,41],	[157,154],	[171,151],	[168,141],
        [91,56],	[158,54],	[171,152],	[168,142],
        [93,39],	[158,57],	[171,154],	[168,197],
        [93,50],	[158,140],	[171,157],	[169,138],
        [93,57],	[158,141],	[172,144],	[169,145],
        [94,38],	[158,147],	[172,146],	[169,151],
        [94,44],	[158,148],	[172,151],	[169,152],
        [95,42],	[158,153],	[172,154],	[169,153],
        [96,39],	[159,49],	[172,155],	[170,156],
        [96,40],	[159,55],	[172,156],	[171,143],
        [97,38],	[159,142],	[173,143],	[171,145],
        [98,42],	[159,143],	[173,146],	[171,153],
        [98,54],	[159,147],	[173,150],	[172,145],
        [99,43],	[159,150],	[173,151],	[172,150],
        [100,57],	[159,151],	[173,155],	[173,145],
        [101,41],	[159,164],	[174,145],	[175,144],
        [101,49],	[160,55],	[174,146],	[177,144],
        [101,51],	[160,143],	[174,149],	[177,157],
        [101,54],	[160,147],	[174,150],	[177,158],
        [103,48],	[160,161],	[175,145],	[178,147],
        [104,56],	[160,162],	[175,147],	[178,148],
        [106,38],	[161,55],	[175,148],	[178,149],
        [106,39],	[161,143],	[175,149],	[180,154],
        [106,43],	[161,147],	[176,144],	[180,156],
        [107,39],	[161,160],	[176,145],	[181,150],
        [107,57],	[161,161],	[176,146],	[182,150],
        [108,38],	[162,54],	[176,147],	[248,128],
        [108,44],	[162,143],	[177,145],	[250,127],
        [108,74],	[162,144],	[178,145],	[264,119],
        [109,38],	[162,159],	[178,146],	[266,121],
        [109,74],	[162,160],	[178,158],	[270,147],
        [110,42],	[163,144],	[178,159],	[271,147],
        [110,47],	[163,145],	[179,144],	[272,144],
        [110,59],	[163,148],	[179,145],	[274,144],
        [110,60],	[163,158],	[179,146],	[275,144],
        [110,73],	[163,159],	[179,147],	[276,171],
        [110,74],	[164,52],	[179,148],	[284,137],
        [110,87],	[164,145],	[179,149],	[288,173],
        [111,62],	[164,152],	[179,150],	[294,146],
        [111,71],	[164,155],	[179,157],	[294,147],
        [111,72],	[164,156],	[179,158],	[294,148],
        [111,73],	[165,53],	[180,143],	[294,149],
        [111,83],	[165,145],	[180,144],	[295,142],
        [111,87],	[165,146],	[180,150],	[296,90],
        [112,72],	[165,151],	[180,151],	[296,92],
        [112,82],	[165,152],	[180,157],	[296,93],
        [112,83],	[166,147],	[181,151],	[296,94],
        [112,87],	[166,148],	[181,155],	[296,95],
        [112,88],	[166,155],	[181,156],	[296,96],
        [113,44],	[166,156],	[181,157],	[297,90],
        [113,49],	[167,145],	[182,151],	[297,98],
        [113,57],	[167,146],	[182,154],	[297,112],
        [113,72],	[167,156],	[182,155],	[298,100],
        [113,73],	[167,193],	[182,157],	[298,110],
        [113,83],	[167,194],	[183,151],	[298,137],
        [113,88],	[168,144],	[183,152],	[299,102],
        [113,89],	[168,145],	[183,153],	[300,110],
        [114,73],	[168,196],	[183,154],	[300,140],
        [114,74],	[169,139],	[249,129],	[300,141],
        [114,83],	[169,140],	[250,130],	[300,142],
        [114,89],	[169,144],	[251,128],	[300,143],
        [114,90],	[169,196],	[265,120],	[300,179],
        [114,93],	[169,197],	[267,122],	[300,180],
        [115,38],	[170,137],	[271,148],	[301,120],
        [115,44],	[170,138],	[272,147],	[302,106],
        [115,52],	[170,142],	[272,148],	[302,138],
        [115,66],	[170,150],	[273,145],	[304,144],
        [115,68],	[170,151],	[273,146],	[304,168],
        [115,74],	[171,142],	[273,147],	[306,123],
        [115,75],	[171,149],	[274,145],	[306,134],
        [115,82],	[171,150],	[275,145],	[306,140],
        [115,83],	[171,155],	[276,144],	[307,123],
        [115,84],	[172,142],	[276,145],	[307,131],
        [115,90],	[172,149],	[277,172],	[307,132],
        [115,92],	[172,152],	[285,138],	[307,134],
        [115,93],	[172,153],	[289,174],	[307,140],
        [116,62],	[173,141],	[295,147],	[307,150],
        [116,65],	[173,144],	[295,148],	[309,126],
        [116,66],	[173,148],	[295,149],	[309,129],
        [116,67],	[173,149],	[295,150],	[309,130],
        [116,75],	[173,153],	[296,143],	[321,66],
        [116,76],	[174,143],	[296,151],	[321,67],
        [116,84],	[174,144],	[297,91],	[324,63],
        [116,85],	[174,147],	[297,93],	[337,65],
        [116,88],	[174,148],	[297,94],	[337,66],
        [116,89],	[175,143],	[297,95],	[384,98],
        [116,90],	[175,146],	[297,96],	[385,96],
        [116,93],	[176,142],	[297,97],	[385,98],
        [116,94],	[176,143],	[297,142],	[387,96],
        [117,45],	[177,143],	[297,152],	[389,95],
        [117,64],	[178,143],	[298,91],	[390,95],
        [117,65],	[178,144],	[298,92],	[391,95],
        [117,66],	[178,156],	[298,93],	[393,94],
        [117,85],	[178,157],	[298,97],	[394,94],
        [117,87],	[179,142],	[298,98],	[409,117],
        [117,88],	[179,143],	[298,99],	[422,30],
        [118,59],	[179,155],	[298,113],	[422,31],
        [118,62],	[179,156],	[298,141],	[423,33],
        [118,63],	[180,141],	[298,153],	[427,35],
        [118,64],	[180,142],	[299,99],	[439,81],
        [118,65],	[180,148],	[299,100],	[446,162],
        [118,75],	[180,149],	[299,101],	[446,163],
        [118,82],	[180,155],	[299,111],	[448,187],
        [118,83],	[181,149],	[299,112],	[449,183],
        [118,84],	[181,153],	[299,138],	[451,187],
        [118,85],	[181,154],	[300,101],	[74,36],
        [118,86],	[182,149],	[300,102],	[75,33],
        [118,87],	[182,152],	[300,103],	[76,33],
        [119,63],	[182,153],	[300,111],	[77,36],
        [119,64],	[183,149],	[301,103],	[78,34],
        [119,65],	[183,150],	[301,104],	[80,36],
        [119,75],	[249,127],	[301,110],	[81,40],
        [119,76],	[250,128],	[301,111],	[83,34],
        [119,77],	[251,126],	[301,141],	[83,37],
        [119,79],	[265,118],	[301,142],	[83,43],
        [119,80],	[267,120],	[301,143],	[87,51],
        [119,81],	[271,146],	[301,144],	[88,44],
        [119,82],	[272,145],	[301,180],	[89,35],
        [119,84],	[272,146],	[301,181],	[89,36],
        [119,85],	[273,143],	[302,104],	[89,42],
        [120,44],	[273,144],	[302,105],	[89,44],
        [120,63],	[274,143],	[302,109],	[90,42],
        [120,64],	[275,143],	[302,110],	[92,36],
        [120,65],	[276,142],	[302,121],	[92,40],
        [120,77],	[276,143],	[302,141],	[92,55],
        [120,78],	[277,170],	[302,142],	[94,49],
        [120,79],	[285,136],	[302,143],	[94,56],
        [121,39],	[289,172],	[302,144],	[95,37],
        [121,41],	[295,145],	[303,105],	[95,43],
        [121,46],	[295,146],	[303,106],	[96,41],
        [121,50],	[296,141],	[303,107],	[97,39],
        [121,64],	[296,149],	[303,108],	[98,37],
        [121,65],	[297,89],	[303,109],	[99,53],
        [121,84],	[297,92],	[303,139],	[100,42],
        [121,85],	[297,140],	[303,140],	[101,56],
        [122,47],	[297,150],	[303,141],	[102,40],
        [122,48],	[298,89],	[303,142],	[102,48],
        [122,63],	[298,90],	[303,143],	[102,50],
        [122,64],	[298,95],	[303,144],	[102,53],
        [122,65],	[298,96],	[304,141],	[104,47],
        [122,68],	[298,111],	[305,145],	[105,55],
        [122,83],	[298,139],	[305,169],	[107,38],
        [122,84],	[298,151],	[307,124],	[107,42],
        [123,64],	[299,97],	[307,135],	[108,56],
        [123,68],	[299,98],	[307,141],	[109,37],
        [123,69],	[299,109],	[308,124],	[109,43],
        [123,70],	[299,110],	[308,132],	[110,37],
        [123,82],	[299,136],	[308,133],	[111,41],
        [123,83],	[300,99],	[308,134],	[111,46],
        [123,84],	[300,100],	[308,135],	[111,58],
        [124,59],	[300,109],	[308,141],	[111,59],
        [124,64],	[301,101],	[308,151],	[112,61],
        [124,65],	[301,102],	[310,127],	[114,48],
        [124,67],	[301,108],	[310,130],	[114,56],
        [124,68],	[301,109],	[310,131],	[116,37],
        [124,71],	[301,139],	[322,67],	[116,43],
        [124,72],	[301,140],	[322,68],	[116,51],
        [124,73],	[301,178],	[323,67],	[116,81],
        [124,81],	[301,179],	[323,68],	[117,75],
        [124,82],	[302,102],	[323,69],	[117,89],
        [124,84],	[302,103],	[324,66],	[117,92],
        [125,65],	[302,107],	[324,67],	[117,93],
        [125,66],	[302,108],	[325,64],	[118,44],
        [125,67],	[302,119],	[325,65],	[119,58],
        [125,68],	[302,139],	[325,66],	[119,86],
        [125,69],	[302,140],	[325,67],	[120,74],
        [125,70],	[303,103],	[325,68],	[120,80],
        [125,71],	[303,104],	[326,63],	[120,81],
        [125,72],	[303,137],	[326,64],	[121,43],
        [125,73],	[303,138],	[326,65],	[121,76],
        [125,74],	[304,139],	[326,66],	[121,77],
        [125,75],	[305,143],	[327,63],	[121,78],
        [125,81],	[305,167],	[327,64],	[122,38],
        [125,84],	[307,122],	[327,65],	[122,40],
        [125,85],	[307,133],	[327,66],	[122,49],
        [126,66],	[307,139],	[328,63],	[123,46],
        [126,67],	[308,122],	[328,64],	[123,47],
        [126,68],	[308,130],	[328,65],	[125,58],
        [126,69],	[308,131],	[329,63],	[127,69],
        [126,70],	[308,139],	[329,64],	[127,71],
        [126,71],	[308,149],	[329,65],	[127,72],
        [126,72],	[310,125],	[330,63],	[127,73],
        [126,73],	[310,128],	[330,64],	[127,80],
        [126,74],	[310,129],	[330,65],	[127,86],
        [126,79],	[322,65],	[338,66],	[128,64],
        [126,80],	[322,66],	[338,67],	[128,69],
        [126,81],	[323,65],	[339,66],	[129,55],
        [126,85],	[323,66],	[339,67],	[129,76],
        [126,87],	[324,64],	[340,66],	[129,77],
        [127,65],	[324,65],	[340,67],	[130,83],
        [127,66],	[325,62],	[341,65],	[131,83],
        [127,67],	[325,63],	[341,66],	[131,100],
        [127,68],	[326,61],	[341,67],	[132,67],
        [127,70],	[326,62],	[385,99],	[133,67],
        [127,78],	[327,61],	[386,97],	[135,71],
        [127,79],	[327,62],	[386,98],	[138,62],
        [127,85],	[328,61],	[386,99],	[139,146],
        [128,56],	[328,62],	[386,100],	[139,147],
        [128,67],	[329,61],	[387,97],	[141,68],
        [128,68],	[329,62],	[387,100],	[144,66],
        [128,77],	[330,61],	[387,101],	[145,66],
        [128,78],	[330,62],	[388,96],	[147,67],
        [128,84],	[338,64],	[388,97],	[148,62],
        [128,85],	[338,65],	[388,101],	[148,157],
        [129,67],	[339,64],	[388,102],	[149,54],
        [129,68],	[339,65],	[389,96],	[149,60],
        [129,69],	[340,64],	[390,96],	[149,150],
        [129,84],	[340,65],	[391,96],	[150,147],
        [130,67],	[341,63],	[392,95],	[150,148],
        [130,69],	[341,64],	[392,96],	[151,61],
        [130,70],	[385,97],	[393,95],	[151,65],
        [130,71],	[386,95],	[394,95],	[151,69],
        [130,72],	[386,96],	[395,94],	[152,55],
        [130,84],	[387,95],	[395,95],	[152,65],
        [130,101],	[387,98],	[396,93],	[153,53],
        [131,67],	[387,99],	[396,94],	[154,155],
        [131,68],	[388,94],	[410,118],	[155,52],
        [131,71],	[388,95],	[423,31],	[155,56],
        [131,72],	[388,99],	[423,32],	[155,145],
        [132,68],	[388,100],	[424,32],	[155,146],
        [132,71],	[389,94],	[424,33],	[157,59],
        [132,72],	[390,94],	[424,34],	[158,52],
        [132,73],	[391,94],	[425,34],	[158,156],
        [133,71],	[392,93],	[425,35],	[159,58],
        [133,72],	[392,94],	[426,35],	[159,141],
        [134,70],	[393,93],	[426,36],	[160,50],
        [134,71],	[394,93],	[427,36],	[160,151],
        [134,72],	[395,92],	[428,36],	[160,152],
        [135,70],	[395,93],	[440,82],	[160,153],
        [136,70],	[396,91],	[447,163],	[161,56],
        [136,71],	[396,92],	[447,164],	[161,148],
        [137,63],	[410,116],	[449,188],	[161,164],
        [137,69],	[423,29],	[450,184],	[161,165],
        [137,70],	[423,30],	[451,185],	[163,55],
        [137,149],	[424,30],	[452,188],	[165,158],
        [138,69],	[424,31],	[71,33],	[165,159],
        [138,70],	[425,32],	[73,33],	[166,54],
        [138,147],	[425,33],	[74,32],	[166,56],
        [138,148],	[426,33],	[74,33],	[166,154],
        [138,149],	[426,34],	[75,32],	[167,150],
        [138,150],	[427,34],	[76,35],	[167,152],
        [139,69],	[428,34],	[77,33],	[167,157],
        [139,70],	[440,80],	[78,33],	[168,148],
        [139,150],	[447,161],	[79,35],	[168,150],
        [140,68],	[447,162],	[80,33],	[168,157],
        [140,69],	[449,186],	[80,39],	[168,194],
        [140,149],	[450,182],	[82,33],	[168,195],
        [140,150],	[451,183],	[82,36],	[170,197],
        [141,67],	[452,186],	[82,42],	[170,198],
        [141,149],	[70,34],	[86,34],	[171,138],
        [142,67],	[72,34],	[86,44],	[171,139],
        [142,149],	[72,36],	[86,50],	[171,140],
        [142,150],	[73,34],	[87,43],	[172,143],
        [143,67],	[75,36],	[88,34],	[173,154],
        [143,68],	[76,34],	[88,35],	[174,142],
        [143,150],	[77,34],	[88,41],	[174,154],
        [144,67],	[78,36],	[89,41],	[176,148],
        [144,150],	[79,34],	[91,35],	[177,146],
        [144,151],	[79,40],	[91,39],	[180,145],
        [145,63],	[81,34],	[91,54],	[180,146],
        [145,151],	[81,37],	[93,37],	[180,147],
        [146,68],	[81,43],	[93,48],	[181,142],
        [146,150],	[85,35],	[93,55],	[181,143],
        [146,151],	[85,45],	[94,36],	[182,156],
        [146,158],	[85,51],	[94,42],	[183,156],
        [147,63],	[87,35],	[95,40],	[184,150],
        [147,141],	[87,36],	[96,37],	[184,151],
        [147,151],	[87,42],	[96,38],	[184,152],
        [147,158],	[87,44],	[97,36],	[184,153],
        [148,55],	[88,42],	[98,40],	[251,129],
        [148,61],	[90,36],	[98,52],	[252,127],
        [148,67],	[90,40],	[99,41],	[266,119],
        [148,141],	[90,55],	[100,55],	[268,121],
        [148,149],	[92,38],	[101,39],	[274,146],
        [148,150],	[92,49],	[101,47],	[277,143],
        [148,151],	[92,56],	[101,52],	[277,144],
        [148,158],	[93,43],	[103,46],	[278,171],
        [149,66],	[94,41],	[104,54],	[286,137],
        [149,67],	[95,38],	[106,36],	[290,173],
        [149,141],	[95,39],	[106,37],	[296,146],
        [149,146],	[97,41],	[106,41],	[296,147],
        [149,147],	[97,53],	[107,37],	[296,148],
        [149,148],	[99,56],	[107,55],	[298,94],
        [149,149],	[100,40],	[108,36],	[299,90],
        [149,157],	[100,48],	[108,42],	[299,91],
        [150,62],	[100,50],	[108,72],	[299,92],
        [150,66],	[100,53],	[109,36],	[299,96],
        [150,70],	[102,47],	[109,72],	[299,140],
        [150,141],	[103,55],	[110,40],	[299,152],
        [150,146],	[105,37],	[110,45],	[300,98],
        [150,156],	[105,38],	[110,57],	[300,137],
        [151,55],	[105,42],	[110,58],	[301,100],
        [151,56],	[106,56],	[110,71],	[302,179],
        [151,66],	[107,43],	[110,72],	[302,180],
        [151,141],	[107,73],	[110,85],	[303,120],
        [151,146],	[108,37],	[111,60],	[304,104],
        [151,155],	[108,73],	[111,69],	[304,105],
        [151,156],	[109,41],	[111,70],	[304,106],
        [152,54],	[109,46],	[111,81],	[304,107],
        [152,141],	[109,58],	[111,85],	[304,108],
        [152,146],	[109,59],	[112,70],	[304,138],
        [152,147],	[109,73],	[112,80],	[304,140],
        [152,155],	[109,86],	[112,81],	[304,142],
        [153,140],	[110,61],	[112,85],	[304,143],
        [153,141],	[110,70],	[112,86],	[305,140],
        [153,147],	[110,82],	[113,42],	[306,144],
        [153,148],	[110,86],	[113,47],	[306,168],
        [153,149],	[111,82],	[113,55],	[308,123],
        [153,154],	[111,86],	[113,70],	[308,140],
        [153,155],	[112,43],	[113,71],	[309,123],
        [153,156],	[112,48],	[113,81],	[309,131],
        [154,53],	[112,56],	[113,86],	[309,132],
        [154,57],	[112,71],	[113,87],	[309,133],
        [154,60],	[113,82],	[114,71],	[309,134],
        [154,140],	[113,92],	[114,72],	[309,140],
        [154,146],	[114,37],	[114,81],	[309,150],
        [154,147],	[114,43],	[114,87],	[311,126],
        [154,149],	[114,51],	[114,88],	[311,129],
        [154,153],	[114,65],	[114,91],	[311,130],
        [154,154],	[114,67],	[115,36],	[324,68],
        [154,159],	[114,82],	[115,42],	[326,67],
        [155,51],	[114,92],	[115,50],	[331,62],
        [155,53],	[115,61],	[115,64],	[331,63],
        [155,61],	[115,65],	[115,72],	[331,64],
        [155,140],	[115,87],	[115,73],	[342,64],
        [155,149],	[115,89],	[115,80],	[342,65],
        [155,150],	[116,44],	[115,81],	[342,66],
        [155,152],	[117,58],	[115,88],	[389,100],
        [155,153],	[117,61],	[115,91],	[389,101],
        [155,158],	[117,74],	[116,60],	[397,92],
        [155,159],	[117,81],	[116,63],	[397,93],
        [156,52],	[117,82],	[116,64],	[411,117],
        [156,56],	[117,84],	[116,73],	[425,31],
        [156,60],	[118,74],	[116,74],	[428,35],
        [156,140],	[118,76],	[116,82],	[429,35],
        [156,141],	[118,78],	[116,83],	[441,81],
        [156,149],	[118,79],	[116,86],	[448,162],
        [156,150],	[119,43],	[116,87],	[448,163],
        [156,152],	[120,38],	[116,91],	[450,187],
        [156,157],	[120,40],	[116,92],	[452,184],
        [156,158],	[120,45],	[117,43],	[453,187],
        [157,51],	[120,49],	[117,62],	[121,82],
        [157,53],	[120,83],	[117,63],	[121,83],
        [157,55],	[120,84],	[117,83],	[122,45],
        [157,57],	[121,47],	[117,86],	[122,46],
        [157,58],	[121,67],	[118,57],	[122,61],
        [157,60],	[122,67],	[118,60],	[122,62],
        [157,141],	[122,69],	[118,61],	[122,66],
        [157,142],	[123,58],	[118,73],	[122,81],
        [157,150],	[123,63],	[118,80],	[122,82],
        [157,151],	[123,71],	[118,81],	[123,62],
        [157,152],	[123,72],	[119,61],	[123,66],
        [157,155],	[124,74],	[119,62],	[123,67],
        [157,156],	[124,83],	[119,73],	[123,80],
        [157,157],	[125,78],	[119,74],	[123,81],
        [158,56],	[125,80],	[119,78],	[124,57],
        [158,59],	[125,86],	[119,83],	[124,62],
        [158,142],	[126,84],	[120,42],	[124,63],
        [158,143],	[127,55],	[120,61],	[124,66],
        [158,144],	[127,84],	[120,62],	[124,69],
        [158,149],	[129,70],	[120,75],	[124,70],
        [158,150],	[129,71],	[120,76],	[124,79],
        [158,152],	[129,83],	[121,37],	[124,80],
        [158,154],	[129,100],	[121,44],	[125,63],
        [158,155],	[130,66],	[121,48],	[125,64],
        [159,51],	[135,69],	[121,62],	[125,79],
        [159,57],	[136,62],	[121,63],	[125,82],
        [159,144],	[136,148],	[131,66],	[125,83],
        [159,145],	[137,146],	[131,69],	[126,64],
        [159,149],	[137,148],	[131,70],	[126,65],
        [159,152],	[139,149],	[132,66],	[126,77],
        [159,153],	[141,66],	[132,69],	[126,78],
        [159,154],	[141,148],	[132,70],	[126,83],
        [159,166],	[142,66],	[133,69],	[127,63],
        [160,57],	[143,149],	[133,70],	[127,64],
        [160,145],	[144,62],	[134,68],	[127,76],
        [160,149],	[145,67],	[134,69],	[127,77],
        [160,163],	[145,150],	[135,68],	[127,83],
        [160,164],	[145,157],	[136,68],	[128,54],
        [160,165],	[146,62],	[136,69],	[128,65],
        [160,166],	[146,140],	[137,61],	[128,66],
        [161,57],	[146,157],	[137,67],	[128,75],
        [161,145],	[147,54],	[137,68],	[128,76],
        [161,149],	[147,60],	[137,147],	[128,82],
        [161,162],	[147,66],	[138,67],	[128,83],
        [161,163],	[147,140],	[138,68],	[129,65],
        [162,56],	[147,148],	[138,145],	[129,66],
        [162,145],	[147,150],	[138,146],	[129,82],
        [162,146],	[147,157],	[139,67],	[130,65],
        [162,161],	[148,66],	[139,68],	[130,68],
        [162,162],	[148,140],	[139,148],	[130,82],
        [163,146],	[148,145],	[140,66],	[130,99],
        [163,147],	[148,146],	[140,67],	[131,65],
        [163,149],	[149,61],	[140,147],	[150,144],
        [163,150],	[149,69],	[140,148],	[150,154],
        [163,160],	[149,140],	[141,65],	[151,53],
        [163,161],	[150,54],	[141,147],	[151,54],
        [164,54],	[150,55],	[142,65],	[151,64],
        [164,147],	[150,65],	[142,147],	[151,139],
        [164,149],	[150,140],	[142,148],	[151,144],
        [164,154],	[150,145],	[143,65],	[151,153],
        [164,157],	[150,155],	[143,66],	[151,154],
        [164,158],	[151,140],	[143,148],	[152,52],
        [164,159],	[151,145],	[144,65],	[152,139],
        [164,160],	[152,140],	[144,148],	[152,144],
        [165,55],	[152,148],	[144,149],	[152,145],
        [165,57],	[152,154],	[145,61],	[152,153],
        [165,147],	[153,52],	[145,149],	[153,138],
        [165,148],	[153,56],	[146,66],	[153,139],
        [165,149],	[153,59],	[146,148],	[153,145],
        [165,153],	[153,158],	[146,149],	[153,146],
        [165,154],	[154,50],	[146,156],	[153,152],
        [165,155],	[154,52],	[147,61],	[153,153],
        [165,156],	[154,139],	[147,139],	[154,51],
        [165,157],	[154,148],	[147,149],	[154,55],
        [166,149],	[154,158],	[147,156],	[154,58],
        [166,150],	[155,55],	[148,53],	[154,138],
        [166,151],	[155,139],	[148,59],	[154,144],
        [166,152],	[156,57],	[148,65],	[154,145],
        [166,153],	[156,59],	[148,139],	[154,151],
        [166,157],	[156,151],	[148,147],	[154,152],
        [166,158],	[156,154],	[148,148],	[149,145],
        [167,147],	[157,143],	[148,156],	[149,155],
        [167,148],	[158,50],	[149,64],	[150,60],
        [167,149],	[158,151],	[149,65],	[150,64],
        [167,151],	[158,165],	[149,139],	[150,68],
        [149,144],	[150,139],

    ];

    // observer to check if script should run or not, script wont run if you already have a town placed.
    let observer = new MutationObserver(function(m){

        // game must exist with no town object
        if(typeof Game != 'undefined' && Game.town == null) {

            console.log('SCRIPT "quick-location" HAS STARTED.');

            // dont watch anymore
            observer.disconnect();

            // run
            run();

        }

    });
    observer.observe(document, {attributes: true, childList: true , subtree: true});

    async function run(){

        let e;

        // wait till game has loaded 100%
        console.log("waiting for 100%");
        await waitForElement("#progressText:contains('100%')");

        // hit play now button
        console.log("hitting play now when it appears");
        await waitForElement("#playnow-container:visible");
        e = await waitForElement("#playButton");
        e.click()

        // wait till it says "Pick Location"
        console.log("making sure 'Pick Location' message exists");
        await waitForElement(".main-text");

        // loop through each position
        for (var i = 0; i <= pos.length; i++) {

            // get x and y from array
            let x = pos[i][0];
            let z = pos[i][1];

            // selecting location
            console.log("selecting location [" + x + ", " + z + "]");

            // include offset
            x = x + MapDataManager.offset.x;
            z = z + MapDataManager.offset.z;

            // click location
            Game.app.fire("WorldTapped", {point:{x:x,z:z}});

            // check if the "confirmation" element appears
            console.log("checking for confirmation window...");
            e = await waitForElement(".confirmlocationui-container:visible .yes", 4);

            // if the confirmation window doesn't appear, move onto the next item
            if(e == false){
                if(i == pos.length){
                    console.log("Resetting Loop");
                    i = -1;
                }
                console.log("Slot is not empty. Moving to Next Iteration. i="+i);
                continue;
            }


            if(e == true){

                // otherwise, click the "yes" button and break the loop
                console.log("Empty Location Found");
                e.click();
                break;

            }

        }


            if(e == false){
                console.log("NO EMPTY LOCATION FOUND");
            }


            if(e == true){

                // put town name in
                console.log("putting in name");
                e = await waitForElement(".townName input");
                e.val(name);

                // click ok
                console.log("clicking ok");
                e = $(".townName button");
                e.prop('disabled', false);
                e.click();

                console.log("town created");
            }

    }

    ////////////
    // UTLITY //
    ////////////

    /**
     * Wait for element to load and return the element
     * @param  {[type]} selector [description]
     * @return {[type]}          [description]
     */
    async function waitForElement(selector, max = 1000) {

        let count = 0;

        while (!$(selector).length) {
            count++;
            if(count >= max){
                return false;
            }
            await new Promise( r => setTimeout(r, 500) )
        }

        return $(selector);

    }

});
